   0.000   0.1279   0.01104   0.00271  -0.0017   0.3650   0.9970
   0.200   0.1488   0.01139   0.00274  -0.0015   0.3650   0.9970
   0.400   0.1699   0.01173   0.00279  -0.0014   0.3650   0.9970
   0.600   0.1908   0.01205   0.00285  -0.0012   0.3650   0.9970
   0.800   0.2119   0.01236   0.00292  -0.0010   0.3650   0.9970
   1.000   0.2332   0.01267   0.00300  -0.0009   0.3650   0.9970
   1.200   0.2544   0.01297   0.00309  -0.0007   0.3650   0.9970
   1.400   0.2758   0.01327   0.00320  -0.0006   0.3650   0.9970
   1.600   0.2973   0.01357   0.00333  -0.0005   0.3650   0.9970
   1.800   0.3187   0.01387   0.00347  -0.0004   0.3650   0.9970
   2.000   0.3402   0.01417   0.00363  -0.0003   0.3650   0.9970
   2.200   0.3617   0.01447   0.00380  -0.0003   0.3650   0.9970
   2.400   0.3833   0.01478   0.00400  -0.0002   0.3650   0.9970
   2.600   0.4048   0.01509   0.00422  -0.0001   0.3650   0.9970
   2.800   0.4263   0.01541   0.00445  -0.0000   0.3650   0.9970
   3.000   0.4477   0.01573   0.00470   0.0000   0.3650   0.9970
   3.200   0.4691   0.01607   0.00497   0.0001   0.3650   0.9970
   3.400   0.4905   0.01642   0.00529   0.0002   0.3650   0.9970
   3.600   0.5118   0.01678   0.00561   0.0003   0.3650   0.9970
   3.800   0.5332   0.01715   0.00596   0.0003   0.3650   0.9970
   4.000   0.5544   0.01755   0.00634   0.0004   0.3650   0.9970
   4.200   0.5756   0.01797   0.00678   0.0005   0.3650   0.9970
   4.400   0.5968   0.01842   0.00723   0.0006   0.3650   0.9970
   4.600   0.6179   0.01890   0.00773   0.0007   0.3650   0.9970
   4.800   0.6391   0.01941   0.00829   0.0008   0.3650   0.9970
   5.000   0.6601   0.01998   0.00889   0.0009   0.3650   0.9970
   5.200   0.6813   0.02060   0.00956   0.0010   0.3650   0.9970
   5.400   0.7024   0.02130   0.01032   0.0010   0.3650   0.9970
   5.600   0.7236   0.02208   0.01119   0.0011   0.3650   0.9970
   5.800   0.7448   0.02297   0.01217   0.0010   0.3650   0.9970
   6.000   0.7660   0.02400   0.01331   0.0009   0.3650   0.9970
   6.200   0.7870   0.02518   0.01467   0.0007   0.3650   0.9970
   6.400   0.8078   0.02658   0.01624   0.0003   0.3650   0.9970
   6.600   0.8281   0.02823   0.01812  -0.0002   0.3650   0.9970
   6.800   0.8476   0.03023   0.02039  -0.0009   0.3650   0.9970
   7.000   0.8655   0.03269   0.02318  -0.0019   0.3650   0.9970
   7.200   0.8806   0.03590   0.02676  -0.0034   0.3650   0.9970
   7.400   0.8906   0.04020   0.03148  -0.0056   0.3650   0.9970
   7.600   0.8892   0.04655   0.03826  -0.0094   0.3650   0.9970
   7.800   0.8628   0.05650   0.04853  -0.0162   0.3650   0.9970
   8.000   0.8175   0.06786   0.05993  -0.0252   0.3650   0.9970
   8.200   0.7906   0.07433   0.06637  -0.0287   0.3650   0.9970
   8.400   0.7743   0.07952   0.07156  -0.0312   0.3650   0.9970
   8.600   0.7629   0.08417   0.07622  -0.0332   0.3650   0.9970
   8.800   0.7542   0.08853   0.08061  -0.0350   0.3650   0.9970
   9.000   0.7472   0.09272   0.08482  -0.0367   0.3650   0.9970
   9.200   0.7417   0.09676   0.08890  -0.0384   0.3650   0.9970
   9.400   0.7373   0.10069   0.09286  -0.0399   0.3650   0.9970
   9.600   0.7335   0.10455   0.09675  -0.0413   0.3650   0.9970
   9.800   0.7306   0.10835   0.10060  -0.0427   0.3650   0.9970
  10.000   0.7283   0.11212   0.10440  -0.0441   0.3650   0.9970
